1 2 3 12 12
2 2 4 21 21
3 2 5 34 34
4 2 6 34 34
5 2 7 51 51
6 2 8 50 50
7 2 9 53 53
8 2 10 62 62
9 2 J 64 64
10 2 Q 70 70
11 2 K 126 126
12 2 A 276 276
13 2 2 35 35
14 3 4 24 24
15 3 5 32 32
16 3 6 27 27
17 3 7 40 40
18 3 8 49 49
19 3 9 53 53
20 3 10 54 54
21 3 J 60 60
22 3 Q 79 79
23 3 K 109 110
24 3 A 265 265
25 3 2 13 13
26 3 3 31 31
27 4 5 33 33
28 4 6 42 42
29 4 7 41 41
30 4 8 50 50
31 4 9 44 44
32 4 10 68 68
33 4 J 60 60
34 4 Q 67 67
35 4 K 117 117
36 4 A 276 276
37 4 2 23 23
38 4 3 15 15
39 4 4 55 56
40 5 6 43 43
41 5 7 64 64
42 5 8 56 57
43 5 9 50 50
44 5 10 59 59
45 5 J 77 77
46 5 Q 57 57
47 5 K 121 121
48 5 A 328 328
49 5 2 33 33
50 5 3 30 30
51 5 4 26 26
52 5 5 106 106
53 6 7 61 61
54 6 8 63 63
55 6 9 67 67
56 6 10 63 63
57 6 J 82 82
58 6 Q 94 94
59 6 K 142 142
60 6 A 311 311
61 6 2 39 39
62 6 3 35 35
63 6 4 37 37
64 6 5 51 51
65 6 6 117 117
66 7 8 68 68
67 7 9 67 67
68 7 10 95 95
69 7 J 108 108
70 7 Q 101 101
71 7 K 146 146
72 7 A 355 355
73 7 2 34 34
74 7 3 44 44
75 7 4 38 38
76 7 5 47 47
77 7 6 70 70
78 7 7 178 178
79 8 9 102 102
80 8 10 96 96
81 8 J 107 107
82 8 Q 123 123
83 8 K 183 183
84 8 A 384 384
85 8 2 43 43
86 8 3 45 45
87 8 4 36 36
88 8 5 64 64
89 8 6 68 68
90 8 7 74 74
91 8 8 228 228
92 9 10 114 114
93 9 J 127 127
94 9 Q 142 142
95 9 K 193 193
96 9 A 403 403
97 9 2 51 51
98 9 3 37 37
99 9 4 53 53
100 9 5 58 58
101 9 6 88 88
102 9 7 62 62
103 9 8 99 99
104 9 9 252 252
105 10 J 131 131
106 10 Q 147 147
107 10 K 236 236
108 10 A 466 466
109 10 2 64 64
110 10 3 42 42
111 10 4 54 54
112 10 5 71 71
113 10 6 70 70
114 10 7 88 88
115 10 8 105 105
116 10 9 104 104
117 10 10 299 299
118 J Q 167 167
119 J K 242 242
120 J A 502 502
121 J 2 50 50
122 J 3 55 56
123 J 4 61 61
124 J 5 58 58
125 J 6 78 78
126 J 7 91 91
127 J 8 99 99
128 J 9 116 116
129 J 10 137 137
130 J J 352 352
131 Q K 264 264
132 Q A 536 536
133 Q 2 80 80
134 Q 3 77 77
135 Q 4 66 66
136 Q 5 68 68
137 Q 6 83 83
138 Q 7 115 115
139 Q 8 122 122
140 Q 9 113 113
141 Q 10 133 133
142 Q J 171 171
143 Q Q 374 374
144 K A 609 609
145 K 2 97 97
146 K 3 113 113
147 K 4 126 126
148 K 5 125 125
149 K 6 137 137
150 K 7 147 147
151 K 8 152 152
152 K 9 198 198
153 K 10 198 198
154 K J 248 248
155 K Q 273 273
156 K K 460 460
157 A 2 300 300
158 A 3 267 267
159 A 4 310 310
160 A 5 318 318
161 A 6 308 308
162 A 7 330 330
163 A 8 380 380
164 A 9 391 391
165 A 10 458 458
166 A J 510 510
167 A Q 567 567
168 A K 595 595
169 A A 719 719
