6
1 83518350 12 2
2 83528350 18 3
3 83538350 13 3
4 83548350 25 5
5 83558350 21 4
6 83568350 28 5
7 83578350 33 6
8 8348498350 36 6
9 83748350 45 8
10 83818350 41 7
11 83758350 71 12
12 83658350 174 29
13 68508350 14 3
14 68518350 11 2
15 68528350 12 2
16 68538350 13 3
17 68548350 19 4
18 68558350 23 4
19 68568350 27 5
20 68578350 28 5
21 6848498350 29 5
22 68748350 36 6
23 68818350 44 8
24 68758350 63 11
25 68658350 163 28
26 72508350 23 4
27 72518350 11 2
28 72528350 11 2
29 72538350 20 4
30 72548350 21 4
31 72558350 19 4
32 72568350 34 6
33 72578350 28 5
34 7248498350 29 5
35 72748350 34 6
36 72818350 42 8
37 72758350 58 10
38 72658350 170 29
39 67508350 23 4
40 67518350 15 3
41 67528350 15 3
42 67538350 17 3
43 67548350 27 5
44 67558350 27 5
45 67568350 29 5
46 67578350 34 6
47 6748498350 43 8
48 67748350 45 8
49 67818350 46 8
50 67758350 65 11
51 67658350 185 31
52 83528351 18 3
53 83538351 25 5
54 83548351 19 4
55 83558351 28 5
56 83568351 31 6
57 83578351 28 5
58 8348498351 29 5
59 83748351 44 8
60 83818351 43 8
61 83758351 73 13
62 83658351 164 28
63 68508351 11 2
64 68518351 25 5
65 68528351 18 3
66 68538351 22 4
67 68548351 18 3
68 68558351 29 5
69 68568351 23 4
70 68578351 37 7
71 6848498351 34 6
72 68748351 28 5
73 68818351 52 9
74 68758351 60 10
75 68658351 172 29
76 72508351 9 2
77 72518351 25 5
78 72528351 17 3
79 72538351 19 4
80 72548351 25 5
81 72558351 27 5
82 72568351 27 5
83 72578351 34 6
84 7248498351 33 6
85 72748351 31 6
86 72818351 52 9
87 72758351 89 15
88 72658351 187 32
89 67508351 9 2
90 67518351 27 5
91 67528351 23 4
92 67538351 16 3
93 67548351 26 5
94 67558351 30 5
95 67568351 22 4
96 67578351 31 6
97 6748498351 30 5
98 67748351 39 7
99 67818351 38 7
100 67758351 76 13
101 67658351 152 26
102 83538352 28 5
103 83548352 22 4
104 83558352 23 4
105 83568352 34 6
106 83578352 26 5
107 8348498352 42 8
108 83748352 37 7
109 83818352 42 8
110 83758352 80 14
111 83658352 176 30
112 68508352 14 3
113 68518352 13 3
114 68528352 32 6
115 68538352 13 3
116 68548352 23 4
117 68558352 32 6
118 68568352 28 5
119 68578352 28 5
120 6848498352 22 4
121 68748352 49 9
122 68818352 43 8
123 68758352 69 12
124 68658352 177 30
125 72508352 14 3
126 72518352 16 3
127 72528352 39 7
128 72538352 16 3
129 72548352 24 4
130 72558352 37 7
131 72568352 33 6
132 72578352 33 6
133 7248498352 32 6
134 72748352 46 8
135 72818352 51 9
136 72758352 75 13
137 72658352 176 30
138 67508352 21 4
139 67518352 11 2
140 67528352 35 6
141 67538352 14 3
142 67548352 31 6
143 67558352 25 5
144 67568352 26 5
145 67578352 31 6
146 6748498352 33 6
147 67748352 37 7
148 67818352 48 8
149 67758352 74 13
150 67658352 166 28
151 83548353 24 4
152 83558353 38 7
153 83568353 44 8
154 83578353 49 9
155 8348498353 36 6
156 83748353 50 9
157 83818353 51 9
158 83758353 84 15
159 83658353 183 31
160 68508353 22 4
161 68518353 18 3
162 68528353 20 4
163 68538353 56 10
164 68548353 24 4
165 68558353 24 4
166 68568353 39 7
167 68578353 42 8
168 6848498353 48 8
169 68748353 46 8
170 68818353 52 9
171 68758353 65 11
172 68658353 182 31
173 72508353 13 3
174 72518353 29 5
175 72528353 21 4
176 72538353 64 11
177 72548353 29 5
178 72558353 32 6
179 72568353 43 8
180 72578353 39 7
181 7248498353 40 7
182 72748353 44 8
183 72818353 54 9
184 72758353 79 14
185 72658353 184 31
186 67508353 14 3
187 67518353 31 6
188 67528353 14 3
189 67538353 56 10
190 67548353 24 4
191 67558353 21 4
192 67568353 26 5
193 67578353 33 6
194 6748498353 37 7
195 67748353 44 8
196 67818353 50 9
197 67758353 70 12
198 67658353 164 28
199 83558354 33 6
200 83568354 44 8
201 83578354 46 8
202 8348498354 39 7
203 83748354 24 4
204 83818354 52 9
205 83758354 84 15
206 83658354 168 29
207 68508354 25 5
208 68518354 23 4
209 68528354 34 6
210 68538354 21 4
211 68548354 89 15
212 68558354 40 7
213 68568354 31 6
214 68578354 37 7
215 6848498354 49 9
216 68748354 61 11
217 68818354 54 9
218 68758354 93 16
219 68658354 200 34
220 72508354 21 4
221 72518354 17 3
222 72528354 25 5
223 72538354 34 6
224 72548354 93 16
225 72558354 40 7
226 72568354 49 9
227 72578354 57 10
228 7248498354 40 7
229 72748354 38 7
230 72818354 56 10
231 72758354 90 15
232 72658354 199 34
233 67508354 28 5
234 67518354 17 3
235 67528354 22 4
236 67538354 25 5
237 67548354 79 14
238 67558354 40 7
239 67568354 32 6
240 67578354 44 8
241 6748498354 46 8
242 67748354 48 8
243 67818354 67 12
244 67758354 85 15
245 67658354 199 34
246 83568355 43 8
247 83578355 58 10
248 8348498355 46 8
249 83748355 55 10
250 83818355 71 12
251 83758355 105 18
252 83658355 218 37
253 68508355 33 6
254 68518355 26 5
255 68528355 32 6
256 68538355 39 7
257 68548355 29 5
258 68558355 108 18
259 68568355 52 9
260 68578355 49 9
261 6848498355 40 7
262 68748355 61 11
263 68818355 74 13
264 68758355 105 18
265 68658355 194 33
266 72508355 27 5
267 72518355 29 5
268 72528355 29 5
269 72538355 28 5
270 72548355 23 4
271 72558355 129 22
272 72568355 46 8
273 72578355 45 8
274 7248498355 39 7
275 72748355 69 12
276 72818355 67 12
277 72758355 89 15
278 72658355 194 33
279 67508355 28 5
280 67518355 28 5
281 67528355 20 4
282 67538355 22 4
283 67548355 32 6
284 67558355 110 19
285 67568355 52 9
286 67578355 44 8
287 6748498355 63 11
288 67748355 55 10
289 67818355 54 9
290 67758355 96 16
291 67658355 228 38
292 83578356 61 11
293 8348498356 59 10
294 83748356 59 10
295 83818356 68 12
296 83758356 113 19
297 83658356 221 37
298 68508356 22 4
299 68518356 30 5
300 68528356 17 3
301 68538356 20 4
302 68548356 30 5
303 68558356 50 9
304 68568356 123 21
305 68578356 55 10
306 6848498356 56 10
307 68748356 64 11
308 68818356 81 14
309 68758356 104 18
310 68658356 216 36
311 72508356 27 5
312 72518356 26 5
313 72528356 34 6
314 72538356 38 7
315 72548356 49 9
316 72558356 50 9
317 72568356 146 25
318 72578356 64 11
319 7248498356 59 10
320 72748356 60 10
321 72818356 79 14
322 72758356 122 21
323 72658356 223 38
324 67508356 25 5
325 67518356 16 3
326 67528356 39 7
327 67538356 35 6
328 67548356 38 7
329 67558356 41 7
330 67568356 141 24
331 67578356 63 11
332 6748498356 60 10
333 67748356 50 9
334 67818356 71 12
335 67758356 98 17
336 67658356 224 38
337 8348498357 69 12
338 83748357 70 12
339 83818357 98 17
340 83758357 110 19
341 83658357 247 42
342 68508357 27 5
343 68518357 31 6
344 68528357 34 6
345 68538357 28 5
346 68548357 59 10
347 68558357 46 8
348 68568357 65 11
349 68578357 170 29
350 6848498357 78 13
351 68748357 69 12
352 68818357 78 13
353 68758357 116 20
354 68658357 261 44
355 72508357 26 5
356 72518357 33 6
357 72528357 27 5
358 72538357 29 5
359 72548357 46 8
360 72558357 45 8
361 72568357 52 9
362 72578357 157 27
363 7248498357 74 13
364 72748357 55 10
365 72818357 81 14
366 72758357 112 19
367 72658357 255 43
368 67508357 26 5
369 67518357 39 7
370 67528357 28 5
371 67538357 39 7
372 67548357 50 9
373 67558357 46 8
374 67568357 59 10
375 67578357 168 29
376 6748498357 67 12
377 67748357 64 11
378 67818357 66 11
379 67758357 108 18
380 67658357 251 42
381 8374834849 80 14
382 8381834849 104 18
383 8375834849 128 22
384 8365834849 275 46
385 6850834849 34 6
386 6851834849 36 6
387 6852834849 39 7
388 6853834849 35 6
389 6854834849 40 7
390 6855834849 60 10
391 6856834849 72 12
392 6857834849 63 11
393 684849834849 192 32
394 6874834849 73 13
395 6881834849 91 16
396 6875834849 130 22
397 6865834849 281 47
398 7250834849 39 7
399 7251834849 34 6
400 7252834849 32 6
401 7253834849 33 6
402 7254834849 45 8
403 7255834849 61 11
404 7256834849 63 11
405 7257834849 72 12
406 724849834849 163 28
407 7274834849 87 15
408 7281834849 95 16
409 7275834849 121 21
410 7265834849 281 47
411 6750834849 38 7
412 6751834849 37 7
413 6752834849 37 7
414 6753834849 46 8
415 6754834849 47 8
416 6755834849 46 8
417 6756834849 59 10
418 6757834849 64 11
419 674849834849 188 32
420 6774834849 76 13
421 6781834849 82 14
422 6775834849 117 20
423 6765834849 282 47
424 83818374 94 16
425 83758374 143 24
426 83658374 297 50
427 68508374 34 6
428 68518374 42 8
429 68528374 33 6
430 68538374 49 9
431 68548374 45 8
432 68558374 58 10
433 68568374 65 11
434 68578374 83 14
435 6848498374 79 14
436 68748374 217 37
437 68818374 111 19
438 68758374 137 23
439 68658374 326 55
440 72508374 45 8
441 72518374 27 5
442 72528374 33 6
443 72538374 46 8
444 72548374 36 6
445 72558374 56 10
446 72568374 69 12
447 72578374 80 14
448 7248498374 73 13
449 72748374 194 33
450 72818374 98 17
451 72758374 152 26
452 72658374 318 53
453 67508374 33 6
454 67518374 33 6
455 67528374 32 6
456 67538374 42 8
457 67548374 42 8
458 67558374 49 9
459 67568374 60 10
460 67578374 76 13
461 6748498374 81 14
462 67748374 197 33
463 67818374 98 17
464 67758374 135 23
465 67658374 305 51
466 83758381 152 26
467 83658381 314 53
468 68508381 37 7
469 68518381 54 9
470 68528381 52 9
471 68538381 48 8
472 68548381 49 9
473 68558381 62 11
474 68568381 71 12
475 68578381 74 13
476 6848498381 84 15
477 68748381 102 17
478 68818381 235 40
479 68758381 163 28
480 68658381 357 60
481 72508381 37 7
482 72518381 41 7
483 72528381 39 7
484 72538381 41 7
485 72548381 52 9
486 72558381 58 10
487 72568381 67 12
488 72578381 83 14
489 7248498381 101 17
490 72748381 102 17
491 72818381 215 36
492 72758381 146 25
493 72658381 330 56
494 67508381 37 7
495 67518381 41 7
496 67528381 42 8
497 67538381 54 9
498 67548381 71 12
499 67558381 70 12
500 67568381 77 13
501 67578381 104 18
502 6748498381 86 15
503 67748381 113 19
504 67818381 237 40
505 67758381 174 29
506 67658381 332 56
507 83658375 374 63
508 68508375 69 12
509 68518375 68 12
510 68528375 74 13
511 68538375 79 14
512 68548375 91 16
513 68558375 93 16
514 68568375 89 15
515 68578375 116 20
516 6848498375 115 20
517 68748375 152 26
518 68818375 160 27
519 68758375 268 45
520 68658375 355 60
521 72508375 65 11
522 72518375 64 11
523 72528375 85 15
524 72538375 65 11
525 72548375 91 16
526 72558375 103 18
527 72568375 99 17
528 72578375 114 19
529 7248498375 148 25
530 72748375 147 25
531 72818375 155 26
532 72758375 273 46
533 72658375 360 60
534 67508375 74 13
535 67518375 66 11
536 67528375 69 12
537 67538375 88 15
538 67548375 81 14
539 67558375 93 16
540 67568375 110 19
541 67578375 115 20
542 6748498375 124 21
543 67748375 160 27
544 67818375 134 23
545 67758375 291 49
546 67658375 373 63
547 68508365 164 28
548 68518365 170 29
549 68528365 189 32
550 68538365 169 29
551 68548365 199 34
552 68558365 226 38
553 68568365 238 40
554 68578365 266 45
555 6848498365 258 43
556 68748365 315 53
557 68818365 337 57
558 68758365 367 62
559 68658365 427 72
560 72508365 160 27
561 72518365 165 28
562 72528365 174 29
563 72538365 188 32
564 72548365 180 30
565 72558365 212 36
566 72568365 225 38
567 72578365 264 44
568 7248498365 266 45
569 72748365 267 45
570 72818365 354 59
571 72758365 369 62
572 72658365 447 75
573 67508365 151 26
574 67518365 165 28
575 67528365 165 28
576 67538365 192 32
577 67548365 186 31
578 67558365 220 37
579 67568365 225 38
580 67578365 258 43
581 6748498365 276 46
582 67748365 298 50
583 67818365 331 56
584 67758365 358 60
585 67658365 435 73
586 68516850 8 2
587 68526850 13 3
588 68536850 19 4
589 68546850 20 4
590 68556850 19 4
591 68566850 30 5
592 68576850 32 6
593 6848496850 23 4
594 68746850 31 6
595 68816850 48 8
596 68756850 61 11
597 68656850 177 30
598 72506850 27 5
599 72516850 15 3
600 72526850 15 3
601 72536850 15 3
602 72546850 15 3
603 72556850 25 5
604 72566850 22 4
605 72576850 30 5
606 7248496850 36 6
607 72746850 36 6
608 72816850 36 6
609 72756850 50 9
610 72656850 176 30
611 67506850 36 6
612 67516850 7 2
613 67526850 12 2
614 67536850 14 3
615 67546850 21 4
616 67556850 33 6
617 67566850 25 5
618 67576850 26 5
619 6748496850 28 5
620 67746850 28 5
621 67816850 41 7
622 67756850 63 11
623 67656850 173 29
624 68526851 23 4
625 68536851 26 5
626 68546851 17 3
627 68556851 20 4
628 68566851 26 5
629 68576851 34 6
630 6848496851 31 6
631 68746851 40 7
632 68816851 61 11
633 68756851 69 12
634 68656851 178 30
635 72506851 7 2
636 72516851 26 5
637 72526851 13 3
638 72536851 20 4
639 72546851 18 3
640 72556851 27 5
641 72566851 35 6
642 72576851 30 5
643 7248496851 29 5
644 72746851 32 6
645 72816851 41 7
646 72756851 70 12
647 72656851 164 28
648 67506851 10 2
649 67516851 25 5
650 67526851 17 3
651 67536851 18 3
652 67546851 17 3
653 67556851 29 5
654 67566851 26 5
655 67576851 27 5
656 6748496851 21 4
657 67746851 31 6
658 67816851 40 7
659 67756851 61 11
660 67656851 169 29
661 68536852 18 3
662 68546852 34 6
663 68556852 30 5
664 68566852 31 6
665 68576852 36 6
666 6848496852 29 5
667 68746852 31 6
668 68816852 47 8
669 68756852 72 12
670 68656852 161 27
671 72506852 14 3
672 72516852 18 3
673 72526852 31 6
674 72536852 20 4
675 72546852 24 4
676 72556852 33 6
677 72566852 32 6
678 72576852 30 5
679 7248496852 30 5
680 72746852 39 7
681 72816852 52 9
682 72756852 75 13
683 72656852 165 28
684 67506852 8 2
685 67516852 17 3
686 67526852 43 8
687 67536852 25 5
688 67546852 18 3
689 67556852 34 6
690 67566852 22 4
691 67576852 29 5
692 6748496852 36 6
693 67746852 29 5
694 67816852 48 8
695 67756852 73 13
696 67656852 165 28
697 68546853 27 5
698 68556853 22 4
699 68566853 38 7
700 68576853 46 8
701 6848496853 39 7
702 68746853 43 8
703 68816853 52 9
704 68756853 76 13
705 68656853 199 34
706 72506853 21 4
707 72516853 18 3
708 72526853 22 4
709 72536853 59 10
710 72546853 26 5
711 72556853 34 6
712 72566853 42 8
713 72576853 28 5
714 7248496853 43 8
715 72746853 39 7
716 72816853 43 8
717 72756853 66 11
718 72656853 176 30
719 67506853 13 3
720 67516853 28 5
721 67526853 22 4
722 67536853 54 9
723 67546853 32 6
724 67556853 36 6
725 67566853 33 6
726 67576853 41 7
727 6748496853 41 7
728 67746853 45 8
729 67816853 46 8
730 67756853 70 12
731 67656853 186 31
732 68556854 42 8
733 68566854 30 5
734 68576854 26 5
735 6848496854 55 10
736 68746854 64 11
737 68816854 61 11
738 68756854 79 14
739 68656854 194 33
740 72506854 17 3
741 72516854 22 4
742 72526854 28 5
743 72536854 27 5
744 72546854 80 14
745 72556854 45 8
746 72566854 42 8
747 72576854 47 8
748 7248496854 48 8
749 72746854 50 9
750 72816854 56 10
751 72756854 76 13
752 72656854 163 28
753 67506854 22 4
754 67516854 22 4
755 67526854 29 5
756 67536854 30 5
757 67546854 75 13
758 67556854 38 7
759 67566854 37 7
760 67576854 34 6
761 6748496854 35 6
762 67746854 44 8
763 67816854 59 10
764 67756854 75 13
765 67656854 190 32
766 68566855 49 9
767 68576855 41 7
768 6848496855 58 10
769 68746855 64 11
770 68816855 59 10
771 68756855 84 15
772 68656855 216 36
773 72506855 31 6
774 72516855 22 4
775 72526855 29 5
776 72536855 32 6
777 72546855 36 6
778 72556855 127 22
779 72566855 48 8
780 72576855 53 9
781 7248496855 53 9
782 72746855 51 9
783 72816855 62 11
784 72756855 105 18
785 72656855 215 36
786 67506855 28 5
787 67516855 26 5
788 67526855 24 4
789 67536855 31 6
790 67546855 32 6
791 67556855 142 24
792 67566855 48 8
793 67576855 54 9
794 6748496855 43 8
795 67746855 57 10
796 67816855 77 13
797 67756855 84 15
798 67656855 229 39
799 68576856 61 11
800 6848496856 51 9
801 68746856 53 9
802 68816856 76 13
803 68756856 104 18
804 68656856 220 37
805 72506856 25 5
806 72516856 37 7
807 72526856 30 5
808 72536856 28 5
809 72546856 35 6
810 72556856 44 8
811 72566856 147 25
812 72576856 63 11
813 7248496856 58 10
814 72746856 69 12
815 72816856 63 11
816 72756856 117 20
817 72656856 240 40
818 67506856 19 4
819 67516856 31 6
820 67526856 29 5
821 67536856 28 5
822 67546856 39 7
823 67556856 44 8
824 67566856 124 21
825 67576856 50 9
826 6748496856 53 9
827 67746856 67 12
828 67816856 69 12
829 67756856 95 16
830 67656856 238 40
831 6848496857 61 11
832 68746857 76 13
833 68816857 68 12
834 68756857 129 22
835 68656857 256 43
836 72506857 29 5
837 72516857 33 6
838 72526857 37 7
839 72536857 43 8
840 72546857 41 7
841 72556857 50 9
842 72566857 53 9
843 72576857 177 30
844 7248496857 79 14
845 72746857 72 12
846 72816857 69 12
847 72756857 118 20
848 72656857 260 44
849 67506857 24 4
850 67516857 34 6
851 67526857 21 4
852 67536857 28 5
853 67546857 50 9
854 67556857 53 9
855 67566857 67 12
856 67576857 161 27
857 6748496857 75 13
858 67746857 56 10
859 67816857 82 14
860 67756857 122 21
861 67656857 258 43
862 6874684849 88 15
863 6881684849 84 15
864 6875684849 124 21
865 6865684849 288 48
866 7250684849 32 6
867 7251684849 40 7
868 7252684849 38 7
869 7253684849 30 5
870 7254684849 38 7
871 7255684849 55 10
872 7256684849 58 10
873 7257684849 71 12
874 724849684849 190 32
875 7274684849 74 13
876 7281684849 90 15
877 7275684849 123 21
878 7265684849 267 45
879 6750684849 35 6
880 6751684849 31 6
881 6752684849 33 6
882 6753684849 32 6
883 6754684849 39 7
884 6755684849 51 9
885 6756684849 64 11
886 6757684849 71 12
887 674849684849 180 30
888 6774684849 76 13
889 6781684849 105 18
890 6775684849 140 24
891 6765684849 251 42
892 68816874 103 18
893 68756874 151 26
894 68656874 315 53
895 72506874 32 6
896 72516874 44 8
897 72526874 31 6
898 72536874 46 8
899 72546874 55 10
900 72556874 58 10
901 72566874 71 12
902 72576874 69 12
903 7248496874 82 14
904 72746874 199 34
905 72816874 103 18
906 72756874 148 25
907 72656874 291 49
908 67506874 32 6
909 67516874 39 7
910 67526874 36 6
911 67536874 50 9
912 67546874 53 9
913 67556874 61 11
914 67566874 77 13
915 67576874 77 13
916 6748496874 83 14
917 67746874 225 38
918 67816874 110 19
919 67756874 151 26
920 67656874 286 48
921 68756881 154 26
922 68656881 345 58
923 72506881 50 9
924 72516881 49 9
925 72526881 36 6
926 72536881 53 9
927 72546881 62 11
928 72556881 50 9
929 72566881 71 12
930 72576881 74 13
931 7248496881 96 16
932 72746881 108 18
933 72816881 248 42
934 72756881 168 29
935 72656881 344 58
936 67506881 54 9
937 67516881 35 6
938 67526881 45 8
939 67536881 42 8
940 67546881 54 9
941 67556881 65 11
942 67566881 71 12
943 67576881 93 16
944 6748496881 100 17
945 67746881 110 19
946 67816881 236 40
947 67756881 150 25
948 67656881 328 55
949 68656875 333 56
950 72506875 74 13
951 72516875 73 13
952 72526875 65 11
953 72536875 76 13
954 72546875 86 15
955 72556875 103 18
956 72566875 104 18
957 72576875 120 20
958 7248496875 133 23
959 72746875 150 25
960 72816875 143 24
961 72756875 278 47
962 72656875 365 61
963 67506875 63 11
964 67516875 69 12
965 67526875 69 12
966 67536875 78 13
967 67546875 84 15
968 67556875 88 15
969 67566875 107 18
970 67576875 112 19
971 6748496875 131 22
972 67746875 146 25
973 67816875 166 28
974 67756875 294 49
975 67656875 341 57
976 72506865 159 27
977 72516865 170 29
978 72526865 152 26
979 72536865 186 31
980 72546865 214 36
981 72556865 194 33
982 72566865 234 39
983 72576865 253 43
984 7248496865 283 48
985 72746865 308 52
986 72816865 347 58
987 72756865 346 58
988 72656865 445 75
989 67506865 190 32
990 67516865 150 25
991 67526865 174 29
992 67536865 180 30
993 67546865 202 34
994 67556865 218 37
995 67566865 246 41
996 67576865 250 42
997 6748496865 296 50
998 67746865 293 49
999 67816865 327 55
1000 67756865 365 61
1001 67656865 435 73
1002 72517250 8 2
1003 72527250 14 3
1004 72537250 7 2
1005 72547250 22 4
1006 72557250 25 5
1007 72567250 26 5
1008 72577250 29 5
1009 7248497250 35 6
1010 72747250 58 10
1011 72817250 51 9
1012 72757250 73 13
1013 72657250 163 28
1014 67507250 34 6
1015 67517250 10 2
1016 67527250 17 3
1017 67537250 16 3
1018 67547250 32 6
1019 67557250 19 4
1020 67567250 30 5
1021 67577250 35 6
1022 6748497250 32 6
1023 67747250 38 7
1024 67817250 47 8
1025 67757250 74 13
1026 67657250 176 30
1027 72527251 19 4
1028 72537251 15 3
1029 72547251 22 4
1030 72557251 33 6
1031 72567251 31 6
1032 72577251 25 5
1033 7248497251 28 5
1034 72747251 35 6
1035 72817251 44 8
1036 72757251 75 13
1037 72657251 158 27
1038 67507251 9 2
1039 67517251 20 4
1040 67527251 7 2
1041 67537251 20 4
1042 67547251 18 3
1043 67557251 25 5
1044 67567251 31 6
1045 67577251 22 4
1046 6748497251 31 6
1047 67747251 38 7
1048 67817251 34 6
1049 67757251 73 13
1050 67657251 169 29
1051 72537252 18 3
1052 72547252 23 4
1053 72557252 29 5
1054 72567252 26 5
1055 72577252 36 6
1056 7248497252 35 6
1057 72747252 25 5
1058 72817252 44 8
1059 72757252 81 14
1060 72657252 167 28
1061 67507252 17 3
1062 67517252 25 5
1063 67527252 39 7
1064 67537252 20 4
1065 67547252 32 6
1066 67557252 27 5
1067 67567252 33 6
1068 67577252 32 6
1069 6748497252 51 9
1070 67747252 30 5
1071 67817252 44 8
1072 67757252 83 14
1073 67657252 166 28
1074 72547253 25 5
1075 72557253 37 7
1076 72567253 31 6
1077 72577253 26 5
1078 7248497253 30 5
1079 72747253 45 8
1080 72817253 56 10
1081 72757253 90 15
1082 72657253 190 32
1083 67507253 16 3
1084 67517253 20 4
1085 67527253 19 4
1086 67537253 65 11
1087 67547253 24 4
1088 67557253 32 6
1089 67567253 30 5
1090 67577253 43 8
1091 6748497253 33 6
1092 67747253 50 9
1093 67817253 43 8
1094 67757253 80 14
1095 67657253 190 32
1096 72557254 35 6
1097 72567254 39 7
1098 72577254 45 8
1099 7248497254 46 8
1100 72747254 38 7
1101 72817254 48 8
1102 72757254 107 18
1103 72657254 191 32
1104 67507254 35 6
1105 67517254 18 3
1106 67527254 18 3
1107 67537254 36 6
1108 67547254 82 14
1109 67557254 37 7
1110 67567254 34 6
1111 67577254 38 7
1112 6748497254 43 8
1113 67747254 52 9
1114 67817254 55 10
1115 67757254 87 15
1116 67657254 195 33
1117 72567255 48 8
1118 72577255 47 8
1119 7248497255 57 10
1120 72747255 56 10
1121 72817255 77 13
1122 72757255 92 16
1123 72657255 208 35
1124 67507255 24 4
1125 67517255 19 4
1126 67527255 35 6
1127 67537255 31 6
1128 67547255 27 5
1129 67557255 99 17
1130 67567255 54 9
1131 67577255 51 9
1132 6748497255 50 9
1133 67747255 56 10
1134 67817255 67 12
1135 67757255 112 19
1136 67657255 208 35
1137 72577256 54 9
1138 7248497256 65 11
1139 72747256 67 12
1140 72817256 76 13
1141 72757256 105 18
1142 72657256 222 37
1143 67507256 26 5
1144 67517256 37 7
1145 67527256 24 4
1146 67537256 37 7
1147 67547256 38 7
1148 67557256 39 7
1149 67567256 131 22
1150 67577256 66 11
1151 6748497256 66 11
1152 67747256 64 11
1153 67817256 56 10
1154 67757256 94 16
1155 67657256 214 36
1156 7248497257 59 10
1157 72747257 75 13
1158 72817257 72 12
1159 72757257 126 21
1160 72657257 260 44
1161 67507257 24 4
1162 67517257 33 6
1163 67527257 30 5
1164 67537257 32 6
1165 67547257 38 7
1166 67557257 42 8
1167 67567257 62 11
1168 67577257 163 28
1169 6748497257 58 10
1170 67747257 69 12
1171 67817257 81 14
1172 67757257 109 19
1173 67657257 252 42
1174 7274724849 105 18
1175 7281724849 94 16
1176 7275724849 121 21
1177 7265724849 263 44
1178 6750724849 42 8
1179 6751724849 35 6
1180 6752724849 39 7
1181 6753724849 43 8
1182 6754724849 49 9
1183 6755724849 59 10
1184 6756724849 63 11
1185 6757724849 62 11
1186 674849724849 172 29
1187 6774724849 76 13
1188 6781724849 81 14
1189 6775724849 143 24
1190 6765724849 279 47
1191 72817274 105 18
1192 72757274 149 25
1193 72657274 318 53
1194 67507274 42 8
1195 67517274 32 6
1196 67527274 41 7
1197 67537274 59 10
1198 67547274 54 9
1199 67557274 59 10
1200 67567274 55 10
1201 67577274 68 12
1202 6748497274 93 16
1203 67747274 185 31
1204 67817274 94 16
1205 67757274 141 24
1206 67657274 300 50
1207 72757281 163 28
1208 72657281 343 58
1209 67507281 43 8
1210 67517281 42 8
1211 67527281 43 8
1212 67537281 45 8
1213 67547281 50 9
1214 67557281 53 9
1215 67567281 67 12
1216 67577281 60 10
1217 6748497281 112 19
1218 67747281 94 16
1219 67817281 226 38
1220 67757281 143 24
1221 67657281 333 56
1222 72657275 355 60
1223 67507275 71 12
1224 67517275 58 10
1225 67527275 76 13
1226 67537275 74 13
1227 67547275 92 16
1228 67557275 96 16
1229 67567275 107 18
1230 67577275 125 21
1231 6748497275 125 21
1232 67747275 144 24
1233 67817275 159 27
1234 67757275 287 48
1235 67657275 354 59
1236 67507265 173 29
1237 67517265 166 28
1238 67527265 188 32
1239 67537265 193 33
1240 67547265 195 33
1241 67557265 206 35
1242 67567265 222 37
1243 67577265 257 43
1244 6748497265 260 44
1245 67747265 297 50
1246 67817265 320 54
1247 67757265 378 63
1248 67657265 427 72
1249 67516750 12 2
1250 67526750 13 3
1251 67536750 24 4
1252 67546750 22 4
1253 67556750 25 5
1254 67566750 24 4
1255 67576750 30 5
1256 6748496750 36 6
1257 67746750 44 8
1258 67816750 38 7
1259 67756750 64 11
1260 67656750 186 31
1261 67526751 16 3
1262 67536751 20 4
1263 67546751 16 3
1264 67556751 19 4
1265 67566751 29 5
1266 67576751 28 5
1267 6748496751 26 5
1268 67746751 38 7
1269 67816751 45 8
1270 67756751 65 11
1271 67656751 166 28
1272 67536752 20 4
1273 67546752 22 4
1274 67556752 22 4
1275 67566752 32 6
1276 67576752 27 5
1277 6748496752 36 6
1278 67746752 39 7
1279 67816752 43 8
1280 67756752 73 13
1281 67656752 181 31
1282 67546753 31 6
1283 67556753 30 5
1284 67566753 25 5
1285 67576753 48 8
1286 6748496753 43 8
1287 67746753 43 8
1288 67816753 44 8
1289 67756753 66 11
1290 67656753 167 28
1291 67556754 45 8
1292 67566754 30 5
1293 67576754 41 7
1294 6748496754 46 8
1295 67746754 52 9
1296 67816754 48 8
1297 67756754 77 13
1298 67656754 188 32
1299 67566755 40 7
1300 67576755 39 7
1301 6748496755 47 8
1302 67746755 53 9
1303 67816755 62 11
1304 67756755 98 17
1305 67656755 212 36
1306 67576756 57 10
1307 6748496756 54 9
1308 67746756 68 12
1309 67816756 83 14
1310 67756756 104 18
1311 67656756 233 39
1312 6748496757 71 12
1313 67746757 71 12
1314 67816757 76 13
1315 67756757 117 20
1316 67656757 252 42
1317 6774674849 80 14
1318 6781674849 106 18
1319 6775674849 131 22
1320 6765674849 276 46
1321 67816774 113 19
1322 67756774 137 23
1323 67656774 302 51
1324 67756781 152 26
1325 67656781 331 56
1326 67656775 369 62
