1 2 3 0 0
2 2 4 1 1
3 2 5 1 1
4 2 6 4 4
5 2 7 1 1
6 2 8 6 6
7 2 9 3 3
8 2 10 4 4
9 2 J 9 9
10 2 Q 8 8
11 2 K 9 9
12 2 A 27 27
13 2 2 5 5
14 3 4 1 1
15 3 5 1 1
16 3 6 3 3
17 3 7 4 4
18 3 8 6 6
19 3 9 5 5
20 3 10 4 4
21 3 J 7 8
22 3 Q 6 6
23 3 K 15 15
24 3 A 27 27
25 3 2 1 1
26 3 3 6 6
27 4 5 5 5
28 4 6 3 3
29 4 7 6 6
30 4 8 6 6
31 4 9 2 2
32 4 10 6 6
33 4 J 7 8
34 4 Q 12 12
35 4 K 8 8
36 4 A 28 29
37 4 2 3 3
38 4 3 3 3
39 4 4 9 9
40 5 6 3 3
41 5 7 7 8
42 5 8 5 5
43 5 9 3 3
44 5 10 7 8
45 5 J 14 15
46 5 Q 6 6
47 5 K 15 15
48 5 A 34 34
49 5 2 5 5
50 5 3 4 4
51 5 4 4 4
52 5 5 8 8
53 6 7 1 1
54 6 8 8 8
55 6 9 6 6
56 6 10 6 6
57 6 J 7 8
58 6 Q 7 8
59 6 K 13 13
60 6 A 32 32
61 6 2 7 8
62 6 3 0 0
63 6 4 2 2
64 6 5 2 2
65 6 6 20 20
66 7 8 6 6
67 7 9 6 6
68 7 10 7 8
69 7 J 9 9
70 7 Q 16 16
71 7 K 17 17
72 7 A 36 36
73 7 2 3 3
74 7 3 6 6
75 7 4 5 5
76 7 5 7 8
77 7 6 7 8
78 7 7 19 19
79 8 9 8 8
80 8 10 9 9
81 8 J 4 4
82 8 Q 13 13
83 8 K 15 15
84 8 A 42 42
85 8 2 5 5
86 8 3 6 6
87 8 4 4 4
88 8 5 4 4
89 8 6 4 4
90 8 7 11 11
91 8 8 27 27
92 9 10 7 8
93 9 J 14 15
94 9 Q 16 16
95 9 K 18 18
96 9 A 44 44
97 9 2 6 6
98 9 3 3 3
99 9 4 9 9
100 9 5 13 13
101 9 6 8 8
102 9 7 8 8
103 9 8 7 8
104 9 9 32 32
105 10 J 14 15
106 10 Q 12 12
107 10 K 20 20
108 10 A 46 46
109 10 2 3 3
110 10 3 6 6
111 10 4 7 8
112 10 5 7 8
113 10 6 2 2
114 10 7 8 8
115 10 8 14 15
116 10 9 12 12
117 10 10 25 25
118 J Q 15 15
119 J K 27 27
120 J A 56 57
121 J 2 9 9
122 J 3 3 3
123 J 4 8 8
124 J 5 7 8
125 J 6 11 11
126 J 7 8 8
127 J 8 11 11
128 J 9 14 15
129 J 10 16 16
130 J J 42 42
131 Q K 27 27
132 Q A 54 54
133 Q 2 12 12
134 Q 3 7 8
135 Q 4 4 4
136 Q 5 4 4
137 Q 6 9 9
138 Q 7 11 11
139 Q 8 8 8
140 Q 9 8 8
141 Q 10 11 11
142 Q J 15 15
143 Q Q 45 45
144 K A 61 61
145 K 2 19 19
146 K 3 10 10
147 K 4 15 15
148 K 5 13 13
149 K 6 14 15
150 K 7 15 15
151 K 8 11 11
152 K 9 22 22
153 K 10 24 24
154 K J 12 12
155 K Q 23 23
156 K K 47 47
157 A 2 26 26
158 A 3 26 26
159 A 4 34 34
160 A 5 29 29
161 A 6 39 39
162 A 7 33 33
163 A 8 44 44
164 A 9 42 42
165 A 10 45 45
166 A J 48 48
167 A Q 62 62
168 A K 67 67
169 A A 69 69
